1750
1800
2135
2488
3453
4310
4447
4977
5133
5272
6769
6885
6951
7084
7332
7789
8858
8868
9342
9389
9984
10081
10795
11544
12208
12978
14272
14693
14707
14930
16040
16160
16732
16918
18061
18072
18169
18349
18532
18926
19617
20171
20286
20520
21344
21665
23666
24545
24741
25232
26058
26172
28630
28823
28866
28917
29905
30697
31235
31617
32604
33002
33185
33213
34408
36104
36146
36270
36966
36995
37748
37808
37931
37996
38074
38777
39263
39648
40533
40704
40987
42888
43300
43704
43920
45012
46080
46250
46989
48465
49071
49600
49826
50725
51253
51939
52466
52795
52827
52988
54480
54991
55242
56047
56873
57528
59478
59527
60302
60714
63296
64782
64803
65011
66570
66740
66960
67472
67887
68270
69970
70530
70858
72333
72971
73020
74208
74303
75288
75677
75681
77281
77360
77551
78536
79282
79958
80661
81061
84792
85535
85704
86104
86115
87347
88205
89089
91388
91419
91576
91767
92230
92339
92380
92416
93556
93859
94049
94673
95521
96223
97216
97745
97854
98246
99780
100493
100726
101063
101199
101382
101778
101829
101830
102037
102379
102741
104889
106640
107263
108312
109156
109380
109831
110430
110471
110621
200406
201461
203077
203248
216085
216228
230463
230557
277135
310569
311094
313616
314808
315213
315293
315709
315852
316709
318154
319201
319450
320187
320335
350621
350698
350894
350907
351817
352363
352541
352789
353020
353944
354190
354647
354813
354869
356028
356080
356309
357294
700564
700733
701374
701985
702165
702325
703604
704051
704415
706688
708818
714310
714603
715096
715957
716133
716644
717423
719866
720005
720672
721683
722056
722079
722392
723125
723188
723254
723527
723531
728535
729237
729986
730464
730469
731502
731766
731939
737758
739608
740260
741508
745448
749251
750004
750556
750577
751085
751364
752431
754737
757011
763901
764478
764622
765880
766701
772897
773468
773840
773910
775368
775473
777001
778734
783005
783280
789460
789570
789933
790359
791519
791907
791915
792641
792985
793547
794170
794323
794367
797496
797721
797871
798354
798757
799231
799729
801898
804212
804328
804753
805305
806085
807884
808362
808461
811596
811669
812076
812128
812701
814184
814547
814898
815097
815556
816159
816284
816956
817473
817785
817946
820027
820318
820774
822416
822663
823094
823768
825542
826083
827187
828916
829224
831259
831547
831861
832988
833079
835541
836157
837166
840489
845289
845752
845818
848865
849213
849433
849448
850460
850693
851968
852772
854775
856982
857005
857737
857855
858339
858877
859014
859139
859368
860546
860731
860748
861842
861884
863557
864749
865436
865752
865846
866729
866787
868611
868671
868780
869570
872248
873044
873538
874016
874691
874841
874992
878526
878560
878927
879585
880321
880771
881695
881890
883569
883587
883902
883943
883976
883980
884217
885551
885725
886982
887568
887730
887905
887936
888491
888711
889936
890319
890926
891024
891103
891178
891288
893162
894315
894490
895126
896159
896262
896264
896397
897429
898173
898174
899597
899715
900349
901491
903127
904080
906107
906163
906192
906345
906469
906553
906933
907242
907254
907410
908937
909109
909111
909832
909954
910073
910108
910322
910329
910521
910606
910638
911631
911635
912242
912264
912463
912595
912750
913241
914024
914208
915389
915912
915913
916789
916863
917273
917470
917968
918646
918946
918965
919628
920527
920760
921082
921112
921500
921847
922475
922864
923118
923284
924632
924717
924901
927003
927066
927653
929452
929887
931015
931336
933405
934280
935063
935724
936395
936468
940716
940942
941138
943819
945764
945841
946581
946673
947484
949872
949956
1000623
1000753
1001250
1001718
1001916
1002047
1002663
1002811
1004434
1004440
1005201
1005817
1006264
1007330
1009626
1009829
1011064
1011657
1012100
1012620
1013934
1014955
1015328
1016125
1017008
1019737
1020416
1020569
1022079
1022469
1022652
1022671
1023024
1023128
1023131
1024478
1025536
1025996
1027207
1027258
1030485
1031316
1032033
1033905
1035675
1035884
1035983
1037038
1038074
1038357
1038914
1039065
1039151
1039828
1040593
1040971
1041061
1041577
1041657
1041859
1042046
1042810
1043509
1043533
1044777
1045450
1045609
1046568
1046861
1047202
1048286
1048911
1049782
1050915
1051470
1051741
1052100
1052752
1053112
1054298
1056288
1056358
1056903
1057706
1057709
1059324
1060801
1064728
1065088
1065696
1065837
1066107
1067294
1067701
1067837
1068851
1068875
1071598
1071739
1072048
1073431
1075415
1078075
1082554
1082923
1084048
1088033
1089063
1089976
1090071
1090403
1090425
1090727
1094093
1095651
1096142
1096376
1096385
1098277
1099800
1100270
1100682
1101239
1102112
1102993
1105705
1107694
1109189
1109190
1109242
1111711
1111928
1113169
1113256
1113481
1115055
1116132
1120193
1122304
1123270
1124198
1125057
1128361
1130310
1130464
1136869
1136893
1137411
1138118
1139812
1141982
1144215
1144354
1156375
1158449
1158463
1160858
1163165
1165231
1166126
1166220
1166691
1168213
1169445
1169561
1170650
1173431
1174922
1178970
1179929
1183186
1195933
1196501
1219601
1220754
1237941
1261654
1264755
1267130
1267238
1278021
1281761
1281949
1286043
1287865
1289236
1289490
1289592
1292653
1297401
1299688
1301611
1308161
1310067
1315257
1318008
1320695
1320947
1324424
1328571
1331875
1335258
1336920
1338749
1339553
1341439
1354327
1362468
1364742
1374310
1375365
1378946
1385157
1385187
1390777
1393311
1397516
1399315
1400810
1401521
1406081
1406587
1410471
1413898
1418819
1434729
1437107
1452575
1467373
1473078
1483195
1487730
1500217
1501585
1506307
1509589
1510295
1520744
1528558
1555365
1562039
1573516
1575360
1578845
1593538