001004
001013
001034
001045
001056
001072
001075
001076
001078
001094
001111
001161
001164
001177
001183
001209
001213
001230
001239
001240
001243
001246
001254
001274
001279
001281
001300
001318
001327
001356
001359
001372
001380
001408
001410
001414
001439
001440
001447
001449
001465
001468
001478
001487
001500
001533
001554
001567
001581
001585
001587
001594
001598
001602
001619
001632
001633
001634
001651
001655
001659
001661
001663
001677
001678
001686
001690
001704
001706
001722
001743
001762
001766
001773
001794
001837
001860
001878
001891
001913
001919
001920
001926
001943
001968
001976
001979
001981
001988
001995
001998
002002
002005
002006
002008
002011
002019
002025
002034
002044
002049
002054
002055
002080
002085
002086
002101
002111
002124
002136
002138
002146
002150
002154
002169
002176
002184
002189
002193
002220
002222
002226
002230
002255
002259
002269
002270
002271
002282
002285
002290
002312
002316
002328
002337
002346
002352
002393
002403
002424
002435
002436
002437
002444
002448
002484
002489
002490
002497
002504
002518
002536
002537
002538
002547
002555
002558
002574
002577
002593
002596
002615
002620
002625
002663
002710
002731
002751
002771
002783
002787
002797
002802
002803
002807
002811
002812
002817
002818
002845
002849
002856
002859
002870
002884
002888
002916
002938
002940
002942
002950
002953
002960
002968
002982
002991
003007
003011
003015
003024
003026
003036
003039
003041
003054
003062
003063
003082
003087
003093
003103
003105
003107
003121
003126
003138
003144
003153
003157
003158
003170
003221
003226
003230
003231
003238
003243
003246
003265
003278
003282
003310
003333
003336
003342
003358
003362
003373
003376
003413
003416
003424
003439
003480
003497
003502
003504
003505
003532
003555
003562
003570
003580
003607
003612
003619
003639
003643
003650
003662
003707
003708
003734
003735
003786
003813
003814
003821
003835
003851
003863
003897
003905
003917
003918
003937
003946
003949
003964
003969
003971
003980
004001
004016
004029
004036
004040
004058
004060
004062
004065
004066
004072
004078
004087
004093
004094
004103
004108
004115
004132
004145
004193
004194
004199
004201
004205
004213
004222
004230
004241
004242
004251
004274
004279
004321
004340
004351
004367
004371
004372
004383
004390
004393
004418
004423
004430
004460
004462
004476
004494
004498
004503
004510
004517
004523
004560
004595
004598
004600
004601
004605
004608
004611
004622
004640
004674
004675
004678
004682
004685
004699
004708
004719
004723
004737
004739
004742
004764
004768
004769
004802
004807
004809
004818
004834
004839
004843
004844
004847
004864
004881
004885
004918
004926
004936
004941
004973
004988
004990
005018
005020
005038
005046
005047
005071
005073
005074
005079
005087
005109
005116
005125
005134
005142
005149
005169
005179
005187
005216
005229
005234
005250
005252
005256
005301
005306
005330
005338
005342
005377
005379
005417
005439
005458
005476
005492
005496
005505
005518
005523
005526
005530
005539
005543
005560
005568
005572
005578
005581
005589
005597
005606
005619
005639
005643
005667
005671
005680
005686
005690
005697
005709
005723
005726
005735
005742
005750
005763
005764
005772
005774
005783
005786
005791
005824
005848
005860
005862
005870
005878
005885
005905
005918
005959
005961
005968
005973
005978
005980
005987
006003
006008
006020
006025
006034
006036
006039
006044
006066
006078
006081
006097
006100
006102
006104
006109
006116
006121
006125
006127
006136
006140
006152
006158
006169
006171
006178
006196
006207
006216
006223
006239
006241
006242
006266
006268
006297
006304
006307
006310
006326
006334
006335
006338
006346
006347
006357
006362
006370
006375
006376
006379
006386
006403
006435
006461
006475
006502
006509
006528
006529
006532
006543
006547
006557
006565
006573
006574
006617
006639
006649
006653
006661
006669
006682
006730
006733
006736
006737
006742
006765
006768
006774
006781
006788
006797
006799
006802
006803
006821
006829
006830
006831
006836
006845
006865
006867
006873
006900
006908
006994
007017
007022
007063
007065
007067
007085
007086
007107
007116
007127
007139
007146
007152
007154
007163
007171
007180
007186
007203
007228
007238
007241
007250
007251
007253
007257
007260
007267
007291
007316
007319
007331
007343
007346
007366
007401
007406
007409
007420
007435
007437
007448
007486
007504
007506
007536
007537
007549
007564
007566
007585
007620
007636
007637
007646
007647
007648
007668
007672
007682
007691
007692
007711
007723
007733
007745
007750
007761
007762
007772
007773
007798
007799
007809
007824
007835
007849
007852
007862
007866
007875
007881
007882
007883
007892
007904
007906
007912
007921
007922
007923
007938
007951
007970
007974
007977
007980
007982
007985
007991
007993
008001
008003
008007
008030
008049
008067
008068
008079
008092
008093
008099
008113
008123
008133
008151
008193
008210
008213
008214
008215
008219
008240
008245
008247
008253
008264
008272
008290
008293
008304
008333
008348
008357
008358
008363
008402
008404
008431
008440
008446
008455
008457
008463
008470
008475
008479
008488
008512
008530
008536
008539
008542
008543
008549
008551
008577
008579
008582
008599
008605
008606
008626
008627
008633
008647
008655
008657
008675
008687
008692
008694
008699
008716
008717
008745
008750
008755
008762
008787
008789
008807
008810
008815
008818
008823
008850
008852
008858
008859
008867
008872
008873
008898
008902
008912
008972
009004
009016
009023
009061
009063
009112
009142
009155
009173
009191
009194
009203
009216
009217
009224
009225
009248
009256
009258
009273
009284
009289
009293
009298
009299
009302
009313
009317
009332
009340
009351
009355
009359
009372
009380
009411
009441
009445
009459
009465
009466
009472
009483
009549
009555
009563
009589
009599
009602
009611
009612
009613
009667
009673
009689
009699
009715
009761
009771
009772
009774
009777
009778
009783
009815
009831
009835
009846
009849
009850
009867
009880
009882
009890
009899
009904
009919
009963
009999
010000
010002
010005
010008
010013
010016
010033
010035
010044
010056
010063
010085
010086
010096
010097
010109
010115
010121
010124
010150
010156
010174
010187
010190
010195
010200
010221
010232
010238
010247
010252
010266
010277
010301
010331
010332
010374
010386
010391
010405
010407
010411
010420
010426
010441
010443
010453
010466
010482
010498
010499
010507
010519
010530
010540
010541
010549
010550
010553
010565
010567
010581
010588
010609
010614
010618
010621
010631
010639
010726
010735
010757
010787
010789
010793
010795
010801
010813
010816
010839
010840
010860
010867
010868
010877
010884
010894
010903
010905
010916
010920
010946
010974
010981
010983
010984
010991
011012
011017
011032
011038
011056
011060
011094
011096
011115
011124
011135
011142
011191
011213
011220
011228
011234
011247
011257
011259
011264
011271
011296
011300
011304
011313
011315
011328
011340
011366
011376
011399
011446
011450
011456
011462
011465
011482
011499
011502
011506
011509
011511
011513
011531
011535
011537
011550
011554
011555
011558
011566
011580
011584
011600
011609
011636
011649
011669
011672
011687
011721
011748
011756
011770
011793
011796
011811
011815
011818
011842
011856
011861
011896
011910
011914
011923
011925
011944
012053
012075
012122
012123
012124
012126
012136
012138
012140
012141
012142
012144
012169
012171
012180
012181
012189
012206
012212
012215
012216
012233
012234
012236
012252
012256
012262
012266
012277
012317
012338
012352
012379
012389
012392
012395
012403
012413
012433
012441
012445
012459
012471
012485
012515
012516
012540
012545
012569
012576
012581
012587
012589
012603
012615
012631
012635
012669
012679
012689
012691
012726
012734
012756
012785
012788
012789
012796
012825
012840
012850
012868
012884
012886
012895
012945
012950
012978
013003
013011
013025
013032
013041
013046
013054
013075
013092
013099
013114
013124
013125
013135
013142
013166
013184
013189
013200
013204
013227
013241
013282
013286
013318
013323
013326
013328
013329
013341
013342
013354
013365
013369
013375
013380
013381
013397
013406
013407
013421
013427
013440
013474
013480
013498
013503
013510
013525
013531
013540
013554
013561
013580
013597
013599
013608
013619
013623
013646
013693
013700
013712
013714
013721
013789
013800
013824
013839
013842
013853
013866
013902
013976
013988
013990
014007
014011
014027
014084
014129
014134
014169
014172
014182
014186
014201
014219
014221
014225
014253
014256
014268
014275
014282
014304
014309
014311
014324
014359
014363
014370
014384
014385
014412
014418
014438
014446
014450
014466
014470
014477
014489
014535
014555
014561
014565
014590
014623
014624
014626
014633
014650
014790
014791
014793
014808
014820
014822
014824
014827
014828
014836
014885
014895
014897
014898
014908
014918
014923
014934
014954
014960
015084
015092
015106
015110
015133
015142
015202
015203
015208
015247
015267
015290
015291
015337
015343
015354
015360
015363
015414
015417
015459
015520
015521
015708
015709
015855
016101
016188
016227
016243
016245
016401
016453
016454
016456
016477
016478
016486
016531
016597
016650
016665
016681
016684
016705
016710
016721
016729
016741
016751
016769
016781
016784
016790
016821
016832
016843
016878
016889
016890
016932
016936
016938
016981
016991
017030
017035
017070
017074
017095
017110
017115
017120
017130
017142
017145
017150
017160
017195
017197
017233
017239
017240
017243
017245
017248
017252
017254
017640
017699
018043
018049
018086
018204
018241
018498
018683
018699
018705
018928
019094
019355
019398
019402
019517
019518
019538
019570
019580
019582
019818
020011
020019
020020
020021
020064
020075
020158
020185
020194
020204
020232
020235
020423
020430
020502
020548
020653
020747
020779
020783
020904
020967
020993
021061
021186
021232
021237
021238
021244
021352
021429
021431
021440
021487
021496
021503
021504
021508
021519
021542
021659
021761
021763
021777
021828
022053
022059
022086
022140
022205
022207
022221
022260
022325
022343
022461
022532
022612
022632
022668
022794
022815
022829
022974
023002
023006
023027
023084
023088
023195
023220
023224
023252
023291
023500
023528
023587
023592
023605
023697
023700
023714
023753
023767
023769
023774
023793
023809
023810
023812
023819
023877
023943
023945
023978
023988
024008
024021
024032
024068
024069
024113
024157
024184
024186
024187
024190
024197
024198
024216
024219
024220
024224
024225
024232
024287
024291
024293
024315
024316
024318
024344
024350
024352
024363
024379
024381
024382
024393
024396
024397
024405
024409
024415
024430
024436
024440
024468
024473
024474
024486
024503
024522
024531
024537
024538
024539
024547
024607
024608
024617
024621
024671
024678
024689
024704
024708
024720
024725
024731
024782
024783
024800
024803
024825
024832
024844
024856
024858
024870
024878
024888
024893
024925
024926
024975
024978
024982
025000
025021
025025
025030
025047
025056
025061
025062
025080
025096
025099
025108
025110
025111
025115
025119
025124
025130
025146
025157
025166
025167
025168
025180
025186
025202
025216
025224
025234
025279
025283
025296
025313
025322
025331
025338
025340
025341
025356
025357
025376
025390
025405
025422
025434
025495
025509
025536
025570
025572
025573
025579
025623
025631
025633
025665
025670
025737
025747
025749
025774
025777
025783
025807
025844
025848
025859
025860
025870
025874
025877
025878
025880
025895
025896
025906
025937
025944
025950
025956
025980
025981
025987
026004
026011
026012
026013
026015
026016
026019
026021
026037
026038
026061
026069
026523
027755
027760
027766
027780
027786
027794
027810
027823
027828
027842
027845
027903
027914
027925
027928
027930
027937
027938
027957
027965
027969
027980
027981
027997
028018
028034
028078
028118
028119
028139
028145
028176
028180
028182
028191
028194
028195
028209
028216
028231
028253
028256
028295
028303
028320
028322
028323
028338
028340
028347
028349
028397
028414
028435
028462
028477
028502
028524
028533
028556
028564
028590
028608
028616
028622
028629
028648
028676
028678
028700
028701
028704
028733
028742
028758
028762
028765
028769
028787
028853
028858
028877
028900
028917
028924
028930
028938
028940
029001
029011
029015
029021
029028
029052
029055
029085
029095
029099
029101
029105
029108
029127
029131
029133
029150
029156
029164
029169
029173
029206
029211
029241
029246
029274
029278
029282
029287
029323
029345
029353
029356
029381
029382
029386
029389
029392
029435
029436
029492
029496
029497
029511
029517
029550
029553
029606
029609
029612
029613
029621
029624
029642
029645
029647
029649
029661
029705
029709
029710
029722
029733
029734
029736
029751
029755
029791
029804
029830
029868
029870
029875
029887
029899
029900
029901
029910
029942
029948
029968
029984
030006
030032
030059
030067
030094
030095
030098
030128
030138
030146
030161
030219
030231
030260
030293
030298
030310
030354
030399
030442
030477
030490
030534
030536
030539
030559
030576
030584
030598
030608
030612
030637
030651
030662
030671
030697
030822
030847
030861
030865
030870
030906
030932
030946
030990
031022
031122
031143
031147
031166
031168
031203
031223
031224
031227
031368
031448
031453
031460
031477
031549
031554
031564
031578
031587
031600
031607
031622
031673
031692
031707
031843
031846
031849
031881
031887
032280
060797
060835
060846
060881
060882
060894
060900
060901
060914
060950
060969
060979
060992
061059
061153
061155
061181
061188
061302
061321
061325
061335
061339
061355
061388
061396
061401
061404
061405
061406
061408
061409
061410
061420
061439
061483
061487
061489
061494
061498
061513
061518
061519
061552
061557
061560
061562
061567
061570
061574
061576
061581
061587
061589
061591
061596
061600
061640
061676
061679
061703
061725
061730
061732
061739
061745
061795
061859
061871
061900
061941
061996
062016
062036
062107
062109
062215
062237
062263
062266
062336
062374
062378
062388
062391
062399
062406
062494
062516
062571
062590
062599
062602
062634
062655
062667
062686
062689
062730
062731
062732
062738
062745
062756
062784
062814
062823
062897
062913
062922
062965
062967
062977
062979
062984
062990
063052
063070
063080
063099
063102
063123
063135
063138
063147
063172
063180
063196
063324
063338
063385
063388
063417
063422
063447
063454
063500
063501
063525
063527
063559
063600
063605
063621
063643
063645
063650
063651
063663
063667
063669
063678
063690
063724
063728
063739
063763
063766
063781
063789
063800
063803
063812
063863
063866
063870
063874
063876
063892
063898
063907
063919
063927
063951
063980
063998
064004
064030
064048
064061
064088
064096
064103
064135
064156
064160
064162
064165
064166
064175
064218
064223
064262
064275
064301
064302
064303
064304
064306
064323
064332
064341
064346
064356
064375
064383
064389
064397
064410
064480
064485
064486
064552
064568
064595
064621
064630
064644
064699
064766
064768
064794
064821
064853
064891
064896
064901
064925
064942
064991
064994
064997
065006
065009
065021
065026
065048
065084
065105
065106
065108
065135
065142
065144
065156
065163
065215
065220
065228
065236
065275
065290
065317
065345
065350
065399
065406
065417
065421
065430
065459
065466
065494
065521
065552
065554
065570
065576
065607
065609
065622
065643
065671
065676
065681
065706
065710
065718
065739
065772
065831
065886
065896
065904
065944
065967
066016
066032
066065
066096
066235
066265
066368
066379
066393
066414
066435
066438
066446
066447
066450
066452
066468
066588
066599
066643
066673
066686
066695
066708
066728
066731
100873
105365
105670
106900
108449
109584
109683
109826
109926
110065
110179
110382
110685
110721
110732
110760
111064
111103
111488
111491
111534
111864
112004
112033
112095
112168
112178
112626
112775
112968
113225
113270
113272
113301
113361
113362
113419
113490
113491
113609
114303
114524
114608
114628
114777
115245
115566
115873
115876
116104
116144
116210
116245
116395
116503
116504
116526
116772
116787
116857
117161
117768
117862
117902
118042
118081
118121
118122
118223
118267
118321
118502
118577
118795
119216
119217
119273
119275
119314
119417
119574
119753
119756
120048
120093
120134
120178
120297
120301
120302
120359
120458
120595
120774
120877
121077
121142
121153
121257
121315
121436
121440
121493
121513
121656
121673
121718
121755
121815
121816
121834
121934
122015
122061
122077
122078
122137
122172
122255
122380
122394
122474
122514
122778
122841
122902
122921
123097
123500
123998
124038
124046
124050
124198
124254
124319
124358
124361
124434
124435
124441
124614
124775
125000
125014
125275
125315
125533
125595
125860
126296
126423
126554
126599
126615
126721
126976
127094
127378
127439
128659
128759
128978
129840
130200
130762
132502
132525
133170
133288
133366
133367
133432
133504
133547
133726
133766
133767
133768
133869
134144
134164
134845
135484
135788
135986
135990
136265
136648
136725
137024
137131
137232
137292
137602
137960
138321
138402
138607
138608
138741
138743
139025
139662
139665
139804
140027
140030
140033
140073
140541
140569
140676
140759
140760
140897
140902
140977
140983
141001
141178
141321
141359
141384
141400
141459
141497
141845
141847
141913
142260
142337
142382
142459
142460
142748
142811
142814
142953
142956
143356
143357
143527
143605
143689
143912
143974
144066
144119
144396
144436
144519
144520
144559
145041
145046
145049
145308
145367
145552
145701
145854
145911
145977
146017
146036
146171
146617
146739
147101
147175
147305
147452
147579
147639
147658
147660
147661
147708
147849
147988
148217
148281
148391
148414
148469
148470
148650
148870
148932
148950
149070
149268
149318
149337
149738
150139
150258
150278
150279
150306
150477
150481
150699
150937
151832
152149
152249
153028
153130
153813
154039
154056
154357
154758
155394
155736
156153
156155
156383
156617
156618
156633
156861
157057
157153
157218
157353
157355
157855
157858
157954
158354
158473
158742
158743
158791
160183
160211
160225
160255
160256
160329
160376
160415
160416
160479
160498
160505
160600
160706
160776
160785
160888
160893
160912
160989
161013
161040
161048
161066
161953
162127
162129
162160
162175
162264
162335
162336
162385
162386
162404
162448
162449
162459
162560
162733
162988
163102
163113
163610
163627
163629
163668
163878
163879
163884
163891
163893
163927
163929
163946
163948
163977
163983
163987
164296
164363
164416
164422
164432
164471
164572
164633
164664
164680
164708
164755
165052
165123
165244
165264
165652
165675
165746
165845
165855
165914
165993
166061
166213
166230
166451
166593
170527
170617
170841
174049
174077
174130
174236
174310
174313
174317
174389
174490
174567
174663
174729
174744
174876
175007
175263
175319
175404
175955
176022
176282
176351
176362
176404
176556
176567
176591
176592
176701
176760
176928
177099
177108
177206
177264
177267
177376
177429
177780
177871
177881
177895
177896
177924
177943
177982
178201
178310
178507
178538
178539
178548
178608
178645
178738
178767
178797
178798
178803
178806
178823
178865
178870
178943
179027
179077
179079
179132
179288
179299
179534
179583
179621
179657
179666
179690
179700
179819
179843
179925
179974
180167
180272
180395
180402
180466
180562
180597
180635
180659
180711
180833
181099
181104
181269
181931
181989
182308
182387
182701
183257
183377
183380
183570
183640
183920
183963
184009
184263
184392
184500
184571
184715
184899
185177
185396
185518
185549
185584
185618
186045
186106
186310
186336
186773
186989
187041
187105
187128
187406
187698
187766
188255
189490
189491
189517
190959
191255
192458
197956
198058
199356
260774
260778
260893
264385
264387
264391
264395
264397
264414
264506
264708
266257
266315
274165
287462
294524
316056
